camera_matrix:
- - 763.0653388363701
  - 0.0
  - 320.4295660325842
- - 0.0
  - 765.6681869222459
  - 267.8856505469502
- - 0.0
  - 0.0
  - 1.0
dist_coeff:
- - -0.06176994360882432
  - -0.24929250500257485
  - 0.003976344409567829
  - 1.4994387044787022e-05
  - 1.7544271636098219
