camera_matrix:
- - 381.0462962540663
  - 0.0
  - 327.53224380961274
- - 0.0
  - 383.9243225104369
  - 281.0140684953913
- - 0.0
  - 0.0
  - 1.0
dist_coeff:
- - -0.4094644595104968
  - 0.20850569993171722
  - 0.005006808020912705
  - 0.0019874984397855824
  - -0.04237005232777541
